.Random.seed <-
c(403L, 10L, 1122147780L, -87480953L, 623044445L, -114742956L, 
-67196038L, 1000671941L, -1159881697L, -914936922L, 59157808L, 
-2128834605L, -1734443535L, 1632029472L, -1560943170L, 157474249L, 
869794171L, 1057867594L, -990455892L, 1167646383L, -851616667L, 
-1981772772L, -966483342L, 1615205613L, -2085417689L, 1514191182L, 
-2093721176L, -1035149909L, 1207662281L, 1087663832L, 1662907270L, 
-1163991455L, 1670832115L, 1792365154L, 1265870036L, -506411561L, 
-1787744307L, 1399073636L, -708350134L, 1589589685L, 166505999L, 
1313111830L, 881994176L, 497531267L, -1585561695L, 1689579408L, 
-18099090L, 2128519705L, -1652888917L, 1866296986L, -1889867172L, 
278181727L, -482064075L, -1493063476L, 1928614434L, 1988611197L, 
-1588054665L, 1529117342L, -1287710376L, -290004805L, -1407836583L, 
-593891864L, -2059978730L, -118914159L, 886844483L, -1600224430L, 
-807172124L, 992900647L, -1504391555L, 1551658868L, -1182006438L, 
-1299122779L, 1999516095L, 1335114310L, 2126502096L, 1230779123L, 
-1467046895L, -1361137088L, 1963894302L, -1049759511L, -1279978981L, 
1169224234L, -268200628L, -773916913L, 155892293L, -1771738116L, 
-1558777262L, -1123921971L, -582989433L, 1120746606L, -1970535352L, 
2144640587L, 1246991273L, 144907000L, 1966272038L, 1652098881L, 
-41235245L, 183685250L, 70889140L, 589974071L, -1014673107L, 
-252321212L, 1798160234L, -474018859L, -1278390929L, -835520394L, 
-1287023712L, 1349157987L, -1744105215L, -39576464L, -887384050L, 
2003855481L, 990013451L, -673101510L, 968153148L, -756740225L, 
1203913941L, -1948034836L, 2043449922L, -2138720867L, -137514985L, 
-1376328322L, -576701640L, -332168165L, 1887853945L, -1236194360L, 
-2053589002L, -1251730895L, -1466364829L, 1821701170L, 1880265092L, 
2119309255L, 237312669L, -618468844L, -540931910L, 1660146949L, 
-2000159009L, -500563098L, -1560943888L, 2145714707L, 1790585777L, 
618288736L, 325145598L, -1805399159L, 382278843L, -1816684406L, 
976030572L, -112873233L, 844192549L, 1595098588L, 1057170354L, 
-1943860563L, -2065931673L, 553369998L, -494959000L, 1759359595L, 
-1486189559L, -822529384L, 2033665478L, -1940437727L, 1244292531L, 
1776169250L, -788034796L, -1847020649L, 1499904909L, -1434958172L, 
1834461322L, 1871040245L, -12889777L, -464282026L, -100825856L, 
1338269763L, -310045727L, 725298000L, 785005998L, -1180118183L, 
1235884395L, 1645445338L, 430975388L, 1144337823L, 1731233781L, 
1166509708L, -591875230L, 517692221L, 470666167L, -2001371042L, 
1566334360L, -955332357L, -1785752423L, -1913309912L, -201190442L, 
2089617489L, -1771959549L, 1570720402L, -2013964252L, -2103810329L, 
-280831171L, 566592436L, 206295066L, 369996645L, 2133495295L, 
-988184442L, 302287888L, 888401587L, -665273007L, 2004653312L, 
1638268894L, 1039072297L, 780245979L, 774185194L, 86961804L, 
-1431866929L, 46220677L, -1983553988L, -1144638702L, -1279127539L, 
1501926215L, -1603442386L, -1039368056L, 2072249739L, 1310596457L, 
-2046898376L, -676744730L, -1005116031L, 497088787L, 693647042L, 
-674680460L, -884323977L, -687424915L, 1063004452L, 1980211768L, 
1388861850L, 290486736L, -82942532L, -390719340L, -1691519870L, 
1109960128L, 1598065468L, 414395536L, -839361758L, -2116635128L, 
-1925192436L, -1760037476L, 184856082L, -888358016L, -658648300L, 
-1600622296L, -699644870L, 12872656L, -1922721172L, -1363160524L, 
-422356334L, -385391264L, -1809819316L, 615524320L, 1862710690L, 
-1605356120L, 1251858060L, 18841020L, 698338930L, -478514192L, 
1655598660L, 749531224L, -1005225926L, -677093264L, -1623123908L, 
-1098702572L, 1791402690L, -1890359584L, 579418236L, -1579108656L, 
-1940047454L, -807360472L, -1165882612L, -1353201220L, -1629056206L, 
-1507394880L, -1276220364L, -1000935736L, -505826118L, 1710904976L, 
966942444L, -1865168300L, -2010664302L, -20465376L, -2080914996L, 
1809228512L, -1429638974L, 1303718952L, -717514836L, 1328421564L, 
505695218L, 343291440L, -1383120988L, -326365768L, -1878833318L, 
-96333680L, -819364996L, 1247371540L, 232552770L, -601177856L, 
534056380L, -1801723568L, -317531870L, 436787784L, 272674828L, 
1960695388L, -160740910L, -986057216L, -2013235884L, 625339624L, 
593543418L, 697509584L, -937637076L, 1368625396L, -1154246254L, 
-1482277536L, -1759343604L, -819020576L, 1903174242L, -859044696L, 
1262582860L, -2011949188L, -807069390L, -189672848L, 99537732L, 
-1832389672L, -1449852038L, 2087323696L, 1062498236L, 1598726740L, 
-325529534L, 1519218336L, -1645681988L, -1304179760L, -1953129118L, 
1809243880L, -2076623668L, -1415245316L, 1143750130L, 110658688L, 
974244340L, 1429461640L, 799066938L, 985697616L, 1032137836L, 
846112148L, -1568374702L, 128613856L, -1794034484L, 917905056L, 
487641474L, 1558919400L, -638027028L, 1566844220L, -1436397454L, 
-1231367568L, 681085476L, -490366920L, 1543481626L, 1290585296L, 
-1762817732L, -1109400684L, -2069366910L, 698125248L, -2124478916L, 
-2068962928L, 458168354L, -1789319928L, 133355660L, 1321602844L, 
1674671250L, 1665226112L, 1898516500L, 57284392L, 1271096890L, 
-2108722736L, 943962476L, 1683813300L, -237516270L, -2085902368L, 
-255596084L, -203310880L, -1955689438L, 1687212840L, 515316236L, 
321651516L, 1326227442L, -436587792L, -34137532L, 1303735896L, 
1348736826L, 902852592L, 1654989500L, -687991532L, -81339198L, 
607956064L, -443632260L, -990064688L, -1930862302L, -899852632L, 
1887893388L, 1396962492L, 2055375666L, -497056192L, 909956276L, 
-1529592760L, 657786298L, -1831245296L, -425558804L, -1270644396L, 
382399250L, 699436448L, 266402508L, 1659058784L, -1078485054L, 
640824104L, -948151892L, -1780060868L, -1323517070L, -78774992L, 
-1132230876L, 487671096L, -677976358L, -3375216L, 1973762812L, 
-1105146988L, 833659970L, 861811968L, 2028132412L, -1927742128L, 
-1870072670L, -2113164472L, 1264557836L, -1495630116L, 611012434L, 
-2008172928L, 1300584532L, 319661032L, 1187584762L, 398525776L, 
-2101186772L, 396469108L, 2013426578L, 409666144L, -678348916L, 
-367626400L, 1340126178L, 716155816L, -38847284L, 344701436L, 
1127122866L, -2089150992L, -515885628L, 2011646296L, -677520006L, 
-510647920L, 1482097070L, -1716030373L, 682730557L, 303458986L, 
-1102686392L, 1618991985L, 1992563939L, -430820380L, 402350866L, 
1820569319L, -1841456975L, 1197185782L, -186925804L, -2134842843L, 
-1192595665L, 1558270184L, -1766772282L, 923263091L, 1251855061L, 
1670715570L, -1326166912L, 1200279657L, -635138853L, 2104705068L, 
1853161530L, -1127285009L, -2068688519L, -1095811570L, 126648284L, 
-1918846899L, -1025614921L, -715127488L, 1190085662L, 1639523051L, 
-1918580115L, 50404058L, -1593965928L, -616464127L, -673274189L, 
-1491357228L, -1811799838L, 1796299127L, -1537931071L, 2030834758L, 
-1425179772L, 1309388085L, -2050352353L, 82767480L, -35417258L, 
327522787L, 2041720741L, -1378931134L, -178154448L, 1277929561L, 
-1649146421L, 1540245052L, 11581546L, 2036826783L, 917720873L, 
907441086L, 1160692396L, -493277187L, 390903623L, 2070165552L, 
-1401417394L, 1289902459L, -213868835L, 817043210L, 2132913704L, 
-1750387055L, -1873437053L, -1618894972L, -873540174L, 762755847L, 
803139921L, -1367226154L, 1461659060L, 302768581L, -882937585L, 
353120136L, 1150353062L, -2118914477L, 1576226741L, 786955538L, 
187590368L, 1737112393L, -115600005L, 2031894604L, -1195648550L, 
-696740913L, -1421181543L, -1504819794L, -1658154308L, 1668707117L, 
-971267881L, -1341052640L, -1991627138L, 1377589323L, 446267981L, 
-2629510L, 444985528L, 1958150753L, 1426126867L, 2136708660L, 
-789585854L, 2134532183L, 806228897L, 23303270L, -1697375132L, 
-1074522219L, 352796863L, -1153490856L, 2004886646L, -1682150269L, 
1332608197L, -659547678L, 1345634384L, 81674617L, 1365857963L, 
48168476L, 1179195722L, -1282254529L, 1778753417L, 1108098974L, 
802958924L, 1913600029L, -710596185L, -1001542448L, -604410258L, 
-1503741669L, 1429428861L, 1042866282L, -1833743096L, 808384945L, 
790162979L, 1329769252L, -1466082350L, -1091049433L, -669998479L, 
-1178482506L, 471265364L, -1757228827L, 447073519L, -110551000L, 
